0,(276.5, 485.03)
1,(380.37, 246.49)
2,(571.96, 239.17)
3,(380.0, 363.31)
4,(222.35, 337.08)
5,(648.52, 143.44)
6,(355.11, 177.71)
7,(438.47, 345.95)
8,(432.82, 410.97)
9,(496.18, 344.55)
10,(333.09, 384.58)
11,(533.16, 211.89)
12,(193.84, 86.566)
13,(77.712, 356.59)
14,(523.1, 366.84)
15,(130.43, 413.44)
16,(402.02, 342.91)
17,(540.91, 286.33)
18,(610.12, 383.11)
20,(473.13, 419.0)
21,(376.69, 147.03)
22,(324.41, 164.24)
23,(342.48, 224.57)
24,(456.21, 251.34)
25,(465.29, 100.24)
26,(340.26, 425.39)
27,(356.01, 92.922)
28,(96.9, 173.66)
29,(265.84, 360.16)
30,(229.46, 279.63)
31,(525.07, 535.91)
32,(422.86, 362.42)
33,(247.63, 296.22)
34,(432.94, 247.44)
35,(389.46, 18.0)
36,(296.0, 444.32)
37,(449.63, 427.43)
38,(441.61, 231.0)
39,(54.45, 233.71)
40,(392.58, 299.93)
41,(206.49, 423.73)
42,(210.59, 362.79)
43,(455.27, 338.1)
45,(316.2, 305.4)
46,(266.59, 145.79)
47,(215.96, 288.35)
48,(301.66, 113.09)
49,(543.52, 418.09)
50,(152.23, 331.11)
51,(485.03, 272.07)
52,(510.18, 466.84)
53,(251.24, 438.4)
54,(387.64, 506.42)
55,(369.57, 235.34)
56,(481.24, 394.95)
57,(371.57, 428.54)
59,(150.39, 230.99)
60,(412.39, 223.59)
61,(181.06, 351.57)
62,(414.43, 251.87)
63,(165.17, 420.87)
64,(184.16, 232.69)
65,(531.57, 176.29)
66,(290.55, 270.18)
67,(245.83, 251.51)
68,(525.81, 129.53)
69,(437.07, 173.61)
70,(404.57, 319.04)
71,(218.31, 234.25)
72,(214.66, 153.15)
73,(537.9, 207.58)
74,(580.2, 432.7)
75,(179.18, 584.69)
76,(309.77, 359.76)
77,(354.73, 483.53)
78,(341.38, 198.27)
79,(467.9, 447.2)
80,(469.81, 269.19)
81,(310.09, 281.81)
82,(231.7, 259.77)
83,(204.85, 293.71)
84,(273.03, 442.64)
85,(513.01, 379.79)
86,(509.02, 227.08)
87,(428.38, 148.19)
88,(266.35, 204.43)
89,(157.07, 150.96)
90,(574.76, 329.54)
91,(415.72, 284.29)
92,(187.22, 434.53)
93,(490.7, 380.48)
94,(253.49, 181.4)
95,(202.02, 214.9)
96,(267.25, 387.2)
97,(608.3, 265.8)
98,(249.77, 323.67)
99,(333.33, 288.94)
100,(367.1, 532.7)
101,(324.07, 354.74)
102,(265.49, 168.61)
103,(321.28, 327.8)
104,(456.59, 354.52)
105,(88.281, 264.56)
106,(252.16, 422.22)
108,(340.75, 168.55)
109,(565.23, 243.0)
110,(443.25, 304.15)
111,(390.29, 454.88)
112,(338.35, 242.17)
113,(238.94, 385.64)
114,(385.55, 41.211)
115,(165.1, 209.34)
116,(339.64, 59.301)
117,(543.58, 270.65)
118,(317.06, 71.596)
119,(496.31, 224.21)
120,(443.88, 136.56)
121,(234.25, 474.77)
122,(510.69, 183.48)
123,(375.81, 213.06)
124,(142.65, 267.91)
125,(190.86, 177.73)
126,(577.77, 46.845)
127,(250.4, 149.55)
128,(256.22, 222.36)
129,(205.51, 90.649)
130,(523.11, 334.17)
131,(478.76, 70.34)
133,(528.18, 346.33)
134,(370.07, 392.65)
135,(407.58, 434.5)
136,(534.2, 112.19)
137,(306.76, 224.49)
138,(455.58, 475.05)
139,(467.7, 187.06)
140,(433.29, 426.45)
141,(481.19, 329.17)
142,(282.4, 299.91)
143,(439.25, 471.94)
144,(449.11, 212.73)
145,(362.87, 451.21)
146,(295.3, 396.15)
147,(298.05, 241.72)
148,(241.21, 508.26)
149,(324.31, 469.14)
150,(427.46, 531.88)
151,(325.81, 218.74)
152,(628.76, 328.66)
153,(544.41, 153.26)
154,(312.94, 491.94)
155,(306.37, 541.2)
156,(489.62, 115.29)
157,(224.45, 177.67)
158,(525.32, 257.91)
159,(412.34, 146.51)
160,(181.65, 294.5)
161,(325.48, 495.33)
162,(559.69, 356.76)
163,(374.52, 266.07)
164,(351.14, 156.26)
165,(304.3, 158.6)
166,(500.73, 445.57)
167,(622.21, 157.03)
168,(389.83, 114.35)
169,(187.73, 388.69)
170,(351.28, 345.66)
171,(363.45, 567.85)
172,(323.86, 91.881)
173,(571.45, 296.07)
174,(649.99, 251.97)
175,(362.5, 73.85)
176,(499.84, 294.37)
177,(354.7, 307.9)
178,(345.26, 364.1)
179,(181.79, 307.84)
180,(423.79, 459.21)
181,(396.3, 183.83)
182,(269.64, 330.56)
183,(133.56, 329.38)
184,(217.02, 504.5)
185,(385.64, 322.06)
186,(211.85, 55.247)
188,(603.13, 289.39)
189,(417.83, 108.94)
190,(388.36, 161.15)
191,(27.0, 128.95)
192,(411.26, 393.88)
193,(231.25, 408.9)
194,(449.77, 398.11)
195,(307.44, 434.8)
196,(462.14, 200.99)
197,(272.65, 177.99)
198,(566.54, 429.36)
